(kicad_pcb (version 20171130) (host pcbnew 5.0.1-33cea8e~66~ubuntu18.04.1)

  (general
    (thickness 1.6)
    (drawings 13)
    (tracks 134)
    (zones 0)
    (modules 96)
    (nets 50)
  )

  (page A4)
  (layers
    (0 F.Cu signal)
    (31 B.Cu signal)
    (32 B.Adhes user)
    (33 F.Adhes user)
    (34 B.Paste user)
    (35 F.Paste user)
    (36 B.SilkS user hide)
    (37 F.SilkS user hide)
    (38 B.Mask user)
    (39 F.Mask user hide)
    (40 Dwgs.User user)
    (41 Cmts.User user)
    (42 Eco1.User user)
    (43 Eco2.User user)
    (44 Edge.Cuts user)
    (45 Margin user)
    (46 B.CrtYd user)
    (47 F.CrtYd user)
    (48 B.Fab user hide)
    (49 F.Fab user hide)
  )

  (setup
    (last_trace_width 0.25)
    (user_trace_width 1)
    (user_trace_width 1.6)
    (trace_clearance 0.2)
    (zone_clearance 0.508)
    (zone_45_only no)
    (trace_min 0.2)
    (segment_width 0.2)
    (edge_width 0.15)
    (via_size 0.8)
    (via_drill 0.4)
    (via_min_size 0.4)
    (via_min_drill 0.3)
    (uvia_size 0.3)
    (uvia_drill 0.1)
    (uvias_allowed no)
    (uvia_min_size 0.2)
    (uvia_min_drill 0.1)
    (pcb_text_width 0.3)
    (pcb_text_size 1.5 1.5)
    (mod_edge_width 0.15)
    (mod_text_size 1 1)
    (mod_text_width 0.15)
    (pad_size 1.524 1.524)
    (pad_drill 0.762)
    (pad_to_mask_clearance 0.2)
    (solder_mask_min_width 0.25)
    (aux_axis_origin 0 0)
    (visible_elements FFFFFF7F)
    (pcbplotparams
      (layerselection 0x010fc_ffffffff)
      (usegerberextensions false)
      (usegerberattributes false)
      (usegerberadvancedattributes false)
      (creategerberjobfile false)
      (excludeedgelayer true)
      (linewidth 0.100000)
      (plotframeref false)
      (viasonmask false)
      (mode 1)
      (useauxorigin false)
      (hpglpennumber 1)
      (hpglpenspeed 20)
      (hpglpendiameter 15.000000)
      (psnegative false)
      (psa4output false)
      (plotreference true)
      (plotvalue true)
      (plotinvisibletext false)
      (padsonsilk false)
      (subtractmaskfromsilk false)
      (outputformat 1)
      (mirror false)
      (drillshape 1)
      (scaleselection 1)
      (outputdirectory ""))
  )

  (net 0 "")
  (net 1 /VIN)
  (net 2 GND)
  (net 3 /6V)
  (net 4 /3V3)
  (net 5 "Net-(C23-Pad1)")
  (net 6 "Net-(C24-Pad1)")
  (net 7 "Net-(C25-Pad1)")
  (net 8 "Net-(C27-Pad1)")
  (net 9 "Net-(C28-Pad1)")
  (net 10 "Net-(C31-Pad2)")
  (net 11 "Net-(C31-Pad1)")
  (net 12 "Net-(C32-Pad1)")
  (net 13 "Net-(C33-Pad1)")
  (net 14 "Net-(C33-Pad2)")
  (net 15 "Net-(C34-Pad1)")
  (net 16 "Net-(C34-Pad2)")
  (net 17 /5V)
  (net 18 "Net-(C37-Pad1)")
  (net 19 "Net-(C37-Pad2)")
  (net 20 "Net-(C38-Pad1)")
  (net 21 "Net-(C39-Pad1)")
  (net 22 "Net-(C40-Pad1)")
  (net 23 "Net-(C41-Pad2)")
  (net 24 "Net-(C41-Pad1)")
  (net 25 "Net-(C42-Pad1)")
  (net 26 "Net-(C43-Pad2)")
  (net 27 "Net-(C43-Pad1)")
  (net 28 "Net-(C45-Pad1)")
  (net 29 "Net-(C46-Pad1)")
  (net 30 "Net-(C50-Pad1)")
  (net 31 "Net-(C53-Pad1)")
  (net 32 "Net-(D1-Pad2)")
  (net 33 "Net-(D2-Pad2)")
  (net 34 "Net-(D3-Pad2)")
  (net 35 "Net-(D4-Pad2)")
  (net 36 /CE)
  (net 37 /MUX)
  (net 38 /LE)
  (net 39 /DATA)
  (net 40 /CLK)
  (net 41 "Net-(L1-Pad2)")
  (net 42 "Net-(R1-Pad1)")
  (net 43 "Net-(R4-Pad1)")
  (net 44 "Net-(R5-Pad1)")
  (net 45 "Net-(R6-Pad2)")
  (net 46 "Net-(R9-Pad1)")
  (net 47 "Net-(R15-Pad1)")
  (net 48 "Net-(C5-Pad1)")
  (net 49 "Net-(C58-Pad1)")

  (net_class Default "This is the default net class."
    (clearance 0.2)
    (trace_width 0.25)
    (via_dia 0.8)
    (via_drill 0.4)
    (uvia_dia 0.3)
    (uvia_drill 0.1)
    (add_net /3V3)
    (add_net /5V)
    (add_net /6V)
    (add_net /CE)
    (add_net /CLK)
    (add_net /DATA)
    (add_net /LE)
    (add_net /MUX)
    (add_net /VIN)
    (add_net GND)
    (add_net "Net-(C23-Pad1)")
    (add_net "Net-(C24-Pad1)")
    (add_net "Net-(C25-Pad1)")
    (add_net "Net-(C27-Pad1)")
    (add_net "Net-(C28-Pad1)")
    (add_net "Net-(C31-Pad1)")
    (add_net "Net-(C31-Pad2)")
    (add_net "Net-(C32-Pad1)")
    (add_net "Net-(C33-Pad1)")
    (add_net "Net-(C33-Pad2)")
    (add_net "Net-(C34-Pad1)")
    (add_net "Net-(C34-Pad2)")
    (add_net "Net-(C37-Pad1)")
    (add_net "Net-(C37-Pad2)")
    (add_net "Net-(C38-Pad1)")
    (add_net "Net-(C39-Pad1)")
    (add_net "Net-(C40-Pad1)")
    (add_net "Net-(C41-Pad1)")
    (add_net "Net-(C41-Pad2)")
    (add_net "Net-(C42-Pad1)")
    (add_net "Net-(C43-Pad1)")
    (add_net "Net-(C43-Pad2)")
    (add_net "Net-(C45-Pad1)")
    (add_net "Net-(C46-Pad1)")
    (add_net "Net-(C5-Pad1)")
    (add_net "Net-(C50-Pad1)")
    (add_net "Net-(C53-Pad1)")
    (add_net "Net-(C58-Pad1)")
    (add_net "Net-(D1-Pad2)")
    (add_net "Net-(D2-Pad2)")
    (add_net "Net-(D3-Pad2)")
    (add_net "Net-(D4-Pad2)")
    (add_net "Net-(L1-Pad2)")
    (add_net "Net-(R1-Pad1)")
    (add_net "Net-(R15-Pad1)")
    (add_net "Net-(R4-Pad1)")
    (add_net "Net-(R5-Pad1)")
    (add_net "Net-(R6-Pad2)")
    (add_net "Net-(R9-Pad1)")
  )

  (net_class 50_ohm ""
    (clearance 0.2)
    (trace_width 1.6)
    (via_dia 0.8)
    (via_drill 0.4)
    (uvia_dia 0.3)
    (uvia_drill 0.1)
  )

  (module Capacitors_SMD:CP_Elec_4x4.5 (layer F.Cu) (tedit 58AA85E3) (tstamp 5BB91136)
    (at 94.996 123.444 90)
    (descr "SMT capacitor, aluminium electrolytic, 4x4.5")
    (path /5BB8DAA1)
    (attr smd)
    (fp_text reference C1 (at 0 3.58 270) (layer F.SilkS)
      (effects (font (size 1 1) (thickness 0.15)))
    )
    (fp_text value 47u (at 0 -3.45 270) (layer F.Fab)
      (effects (font (size 1 1) (thickness 0.15)))
    )
    (fp_circle (center 0 0) (end 0.1 2.1) (layer F.Fab) (width 0.1))
    (fp_text user + (at -1.24 -0.08 90) (layer F.Fab)
      (effects (font (size 1 1) (thickness 0.15)))
    )
    (fp_text user + (at -2.78 1.99 270) (layer F.SilkS)
      (effects (font (size 1 1) (thickness 0.15)))
    )
    (fp_text user %R (at 0 3.58 270) (layer F.Fab)
      (effects (font (size 1 1) (thickness 0.15)))
    )
    (fp_line (start 2.13 2.12) (end 2.13 -2.15) (layer F.Fab) (width 0.1))
    (fp_line (start -1.46 2.12) (end 2.13 2.12) (layer F.Fab) (width 0.1))
    (fp_line (start -2.13 1.45) (end -1.46 2.12) (layer F.Fab) (width 0.1))
    (fp_line (start -2.13 -1.47) (end -2.13 1.45) (layer F.Fab) (width 0.1))
    (fp_line (start -1.46 -2.15) (end -2.13 -1.47) (layer F.Fab) (width 0.1))
    (fp_line (start 2.13 -2.15) (end -1.46 -2.15) (layer F.Fab) (width 0.1))
    (fp_line (start 2.29 -2.3) (end 2.29 -1.13) (layer F.SilkS) (width 0.12))
    (fp_line (start 2.29 2.27) (end 2.29 1.1) (layer F.SilkS) (width 0.12))
    (fp_line (start -2.29 1.51) (end -2.29 1.1) (layer F.SilkS) (width 0.12))
    (fp_line (start -2.29 -1.54) (end -2.29 -1.13) (layer F.SilkS) (width 0.12))
    (fp_line (start -1.52 -2.3) (end 2.29 -2.3) (layer F.SilkS) (width 0.12))
    (fp_line (start -1.52 -2.3) (end -2.29 -1.54) (layer F.SilkS) (width 0.12))
    (fp_line (start -1.52 2.27) (end 2.29 2.27) (layer F.SilkS) (width 0.12))
    (fp_line (start -1.52 2.27) (end -2.29 1.51) (layer F.SilkS) (width 0.12))
    (fp_line (start -3.35 -2.4) (end 3.35 -2.4) (layer F.CrtYd) (width 0.05))
    (fp_line (start -3.35 -2.4) (end -3.35 2.37) (layer F.CrtYd) (width 0.05))
    (fp_line (start 3.35 2.37) (end 3.35 -2.4) (layer F.CrtYd) (width 0.05))
    (fp_line (start 3.35 2.37) (end -3.35 2.37) (layer F.CrtYd) (width 0.05))
    (pad 1 smd rect (at -1.8 0 270) (size 2.6 1.6) (layers F.Cu F.Paste F.Mask)
      (net 1 /VIN))
    (pad 2 smd rect (at 1.8 0 270) (size 2.6 1.6) (layers F.Cu F.Paste F.Mask)
      (net 2 GND))
    (model Capacitors_SMD.3dshapes/CP_Elec_4x4.5.wrl
      (at (xyz 0 0 0))
      (scale (xyz 1 1 1))
      (rotate (xyz 0 0 180))
    )
  )

  (module Capacitors_SMD:C_0805 (layer F.Cu) (tedit 58AA8463) (tstamp 5BB91147)
    (at 91.44 121.428 90)
    (descr "Capacitor SMD 0805, reflow soldering, AVX (see smccp.pdf)")
    (tags "capacitor 0805")
    (path /5BB8DBB7)
    (attr smd)
    (fp_text reference C2 (at 0 -1.5 90) (layer F.SilkS)
      (effects (font (size 1 1) (thickness 0.15)))
    )
    (fp_text value 10n (at 0 1.75 90) (layer F.Fab)
      (effects (font (size 1 1) (thickness 0.15)))
    )
    (fp_line (start 1.75 0.87) (end -1.75 0.87) (layer F.CrtYd) (width 0.05))
    (fp_line (start 1.75 0.87) (end 1.75 -0.88) (layer F.CrtYd) (width 0.05))
    (fp_line (start -1.75 -0.88) (end -1.75 0.87) (layer F.CrtYd) (width 0.05))
    (fp_line (start -1.75 -0.88) (end 1.75 -0.88) (layer F.CrtYd) (width 0.05))
    (fp_line (start -0.5 0.85) (end 0.5 0.85) (layer F.SilkS) (width 0.12))
    (fp_line (start 0.5 -0.85) (end -0.5 -0.85) (layer F.SilkS) (width 0.12))
    (fp_line (start -1 -0.62) (end 1 -0.62) (layer F.Fab) (width 0.1))
    (fp_line (start 1 -0.62) (end 1 0.62) (layer F.Fab) (width 0.1))
    (fp_line (start 1 0.62) (end -1 0.62) (layer F.Fab) (width 0.1))
    (fp_line (start -1 0.62) (end -1 -0.62) (layer F.Fab) (width 0.1))
    (fp_text user %R (at 0 -1.5 90) (layer F.Fab)
      (effects (font (size 1 1) (thickness 0.15)))
    )
    (pad 2 smd rect (at 1 0 90) (size 1 1.25) (layers F.Cu F.Paste F.Mask)
      (net 2 GND))
    (pad 1 smd rect (at -1 0 90) (size 1 1.25) (layers F.Cu F.Paste F.Mask)
      (net 1 /VIN))
    (model Capacitors_SMD.3dshapes/C_0805.wrl
      (at (xyz 0 0 0))
      (scale (xyz 1 1 1))
      (rotate (xyz 0 0 0))
    )
  )

  (module Capacitors_SMD:C_0805 (layer F.Cu) (tedit 58AA8463) (tstamp 5BB91158)
    (at 91.44 116.078 270)
    (descr "Capacitor SMD 0805, reflow soldering, AVX (see smccp.pdf)")
    (tags "capacitor 0805")
    (path /5BB8DB47)
    (attr smd)
    (fp_text reference C3 (at 0 -1.5 270) (layer F.SilkS)
      (effects (font (size 1 1) (thickness 0.15)))
    )
    (fp_text value 10n (at 0 1.75 270) (layer F.Fab)
      (effects (font (size 1 1) (thickness 0.15)))
    )
    (fp_text user %R (at 0 -1.5 270) (layer F.Fab)
      (effects (font (size 1 1) (thickness 0.15)))
    )
    (fp_line (start -1 0.62) (end -1 -0.62) (layer F.Fab) (width 0.1))
    (fp_line (start 1 0.62) (end -1 0.62) (layer F.Fab) (width 0.1))
    (fp_line (start 1 -0.62) (end 1 0.62) (layer F.Fab) (width 0.1))
    (fp_line (start -1 -0.62) (end 1 -0.62) (layer F.Fab) (width 0.1))
    (fp_line (start 0.5 -0.85) (end -0.5 -0.85) (layer F.SilkS) (width 0.12))
    (fp_line (start -0.5 0.85) (end 0.5 0.85) (layer F.SilkS) (width 0.12))
    (fp_line (start -1.75 -0.88) (end 1.75 -0.88) (layer F.CrtYd) (width 0.05))
    (fp_line (start -1.75 -0.88) (end -1.75 0.87) (layer F.CrtYd) (width 0.05))
    (fp_line (start 1.75 0.87) (end 1.75 -0.88) (layer F.CrtYd) (width 0.05))
    (fp_line (start 1.75 0.87) (end -1.75 0.87) (layer F.CrtYd) (width 0.05))
    (pad 1 smd rect (at -1 0 270) (size 1 1.25) (layers F.Cu F.Paste F.Mask)
      (net 3 /6V))
    (pad 2 smd rect (at 1 0 270) (size 1 1.25) (layers F.Cu F.Paste F.Mask)
      (net 2 GND))
    (model Capacitors_SMD.3dshapes/C_0805.wrl
      (at (xyz 0 0 0))
      (scale (xyz 1 1 1))
      (rotate (xyz 0 0 0))
    )
  )

  (module Capacitors_SMD:CP_Elec_4x4.5 (layer F.Cu) (tedit 58AA85E3) (tstamp 5BB91174)
    (at 94.996 116.608 270)
    (descr "SMT capacitor, aluminium electrolytic, 4x4.5")
    (path /5BB8DAF1)
    (attr smd)
    (fp_text reference C4 (at 0 3.58 90) (layer F.SilkS)
      (effects (font (size 1 1) (thickness 0.15)))
    )
    (fp_text value 47u (at 0 -3.45 90) (layer F.Fab)
      (effects (font (size 1 1) (thickness 0.15)))
    )
    (fp_line (start 3.35 2.37) (end -3.35 2.37) (layer F.CrtYd) (width 0.05))
    (fp_line (start 3.35 2.37) (end 3.35 -2.4) (layer F.CrtYd) (width 0.05))
    (fp_line (start -3.35 -2.4) (end -3.35 2.37) (layer F.CrtYd) (width 0.05))
    (fp_line (start -3.35 -2.4) (end 3.35 -2.4) (layer F.CrtYd) (width 0.05))
    (fp_line (start -1.52 2.27) (end -2.29 1.51) (layer F.SilkS) (width 0.12))
    (fp_line (start -1.52 2.27) (end 2.29 2.27) (layer F.SilkS) (width 0.12))
    (fp_line (start -1.52 -2.3) (end -2.29 -1.54) (layer F.SilkS) (width 0.12))
    (fp_line (start -1.52 -2.3) (end 2.29 -2.3) (layer F.SilkS) (width 0.12))
    (fp_line (start -2.29 -1.54) (end -2.29 -1.13) (layer F.SilkS) (width 0.12))
    (fp_line (start -2.29 1.51) (end -2.29 1.1) (layer F.SilkS) (width 0.12))
    (fp_line (start 2.29 2.27) (end 2.29 1.1) (layer F.SilkS) (width 0.12))
    (fp_line (start 2.29 -2.3) (end 2.29 -1.13) (layer F.SilkS) (width 0.12))
    (fp_line (start 2.13 -2.15) (end -1.46 -2.15) (layer F.Fab) (width 0.1))
    (fp_line (start -1.46 -2.15) (end -2.13 -1.47) (layer F.Fab) (width 0.1))
    (fp_line (start -2.13 -1.47) (end -2.13 1.45) (layer F.Fab) (width 0.1))
    (fp_line (start -2.13 1.45) (end -1.46 2.12) (layer F.Fab) (width 0.1))
    (fp_line (start -1.46 2.12) (end 2.13 2.12) (layer F.Fab) (width 0.1))
    (fp_line (start 2.13 2.12) (end 2.13 -2.15) (layer F.Fab) (width 0.1))
    (fp_text user %R (at 0 3.58 90) (layer F.Fab)
      (effects (font (size 1 1) (thickness 0.15)))
    )
    (fp_text user + (at -2.78 1.99 90) (layer F.SilkS)
      (effects (font (size 1 1) (thickness 0.15)))
    )
    (fp_text user + (at -1.24 -0.08 270) (layer F.Fab)
      (effects (font (size 1 1) (thickness 0.15)))
    )
    (fp_circle (center 0 0) (end 0.1 2.1) (layer F.Fab) (width 0.1))
    (pad 2 smd rect (at 1.8 0 90) (size 2.6 1.6) (layers F.Cu F.Paste F.Mask)
      (net 2 GND))
    (pad 1 smd rect (at -1.8 0 90) (size 2.6 1.6) (layers F.Cu F.Paste F.Mask)
      (net 3 /6V))
    (model Capacitors_SMD.3dshapes/CP_Elec_4x4.5.wrl
      (at (xyz 0 0 0))
      (scale (xyz 1 1 1))
      (rotate (xyz 0 0 180))
    )
  )

  (module Capacitors_SMD:C_1812 (layer F.Cu) (tedit 58AA850E) (tstamp 5BB91196)
    (at 101.332 111.76 180)
    (descr "Capacitor SMD 1812, reflow soldering, AVX (see smccp.pdf)")
    (tags "capacitor 1812")
    (path /5BEAA49C)
    (attr smd)
    (fp_text reference C6 (at 0 -2.75 180) (layer F.SilkS)
      (effects (font (size 1 1) (thickness 0.15)))
    )
    (fp_text value 4.7u (at 0 2.75 180) (layer F.Fab)
      (effects (font (size 1 1) (thickness 0.15)))
    )
    (fp_line (start 3.05 1.85) (end -3.05 1.85) (layer F.CrtYd) (width 0.05))
    (fp_line (start 3.05 1.85) (end 3.05 -1.85) (layer F.CrtYd) (width 0.05))
    (fp_line (start -3.05 -1.85) (end -3.05 1.85) (layer F.CrtYd) (width 0.05))
    (fp_line (start -3.05 -1.85) (end 3.05 -1.85) (layer F.CrtYd) (width 0.05))
    (fp_line (start -1.8 1.73) (end 1.8 1.73) (layer F.SilkS) (width 0.12))
    (fp_line (start 1.8 -1.73) (end -1.8 -1.73) (layer F.SilkS) (width 0.12))
    (fp_line (start -2.25 -1.6) (end 2.25 -1.6) (layer F.Fab) (width 0.1))
    (fp_line (start 2.25 -1.6) (end 2.25 1.6) (layer F.Fab) (width 0.1))
    (fp_line (start 2.25 1.6) (end -2.25 1.6) (layer F.Fab) (width 0.1))
    (fp_line (start -2.25 1.6) (end -2.25 -1.6) (layer F.Fab) (width 0.1))
    (fp_text user %R (at 0 -2.75 180) (layer F.Fab)
      (effects (font (size 1 1) (thickness 0.15)))
    )
    (pad 2 smd rect (at 2.3 0 180) (size 1 3) (layers F.Cu F.Paste F.Mask)
      (net 2 GND))
    (pad 1 smd rect (at -2.3 0 180) (size 1 3) (layers F.Cu F.Paste F.Mask)
      (net 4 /3V3))
    (model Capacitors_SMD.3dshapes/C_1812.wrl
      (at (xyz 0 0 0))
      (scale (xyz 1 1 1))
      (rotate (xyz 0 0 0))
    )
  )

  (module Capacitors_SMD:C_1812 (layer F.Cu) (tedit 58AA850E) (tstamp 5BB911B8)
    (at 117.856 90.664 90)
    (descr "Capacitor SMD 1812, reflow soldering, AVX (see smccp.pdf)")
    (tags "capacitor 1812")
    (path /5BEAA2F8)
    (attr smd)
    (fp_text reference C8 (at 0 -2.75 90) (layer F.SilkS)
      (effects (font (size 1 1) (thickness 0.15)))
    )
    (fp_text value 4.7u (at 0 2.75 90) (layer F.Fab)
      (effects (font (size 1 1) (thickness 0.15)))
    )
    (fp_line (start 3.05 1.85) (end -3.05 1.85) (layer F.CrtYd) (width 0.05))
    (fp_line (start 3.05 1.85) (end 3.05 -1.85) (layer F.CrtYd) (width 0.05))
    (fp_line (start -3.05 -1.85) (end -3.05 1.85) (layer F.CrtYd) (width 0.05))
    (fp_line (start -3.05 -1.85) (end 3.05 -1.85) (layer F.CrtYd) (width 0.05))
    (fp_line (start -1.8 1.73) (end 1.8 1.73) (layer F.SilkS) (width 0.12))
    (fp_line (start 1.8 -1.73) (end -1.8 -1.73) (layer F.SilkS) (width 0.12))
    (fp_line (start -2.25 -1.6) (end 2.25 -1.6) (layer F.Fab) (width 0.1))
    (fp_line (start 2.25 -1.6) (end 2.25 1.6) (layer F.Fab) (width 0.1))
    (fp_line (start 2.25 1.6) (end -2.25 1.6) (layer F.Fab) (width 0.1))
    (fp_line (start -2.25 1.6) (end -2.25 -1.6) (layer F.Fab) (width 0.1))
    (fp_text user %R (at 0 -2.75 90) (layer F.Fab)
      (effects (font (size 1 1) (thickness 0.15)))
    )
    (pad 2 smd rect (at 2.3 0 90) (size 1 3) (layers F.Cu F.Paste F.Mask)
      (net 2 GND))
    (pad 1 smd rect (at -2.3 0 90) (size 1 3) (layers F.Cu F.Paste F.Mask)
      (net 4 /3V3))
    (model Capacitors_SMD.3dshapes/C_1812.wrl
      (at (xyz 0 0 0))
      (scale (xyz 1 1 1))
      (rotate (xyz 0 0 0))
    )
  )

  (module Capacitors_SMD:C_1812 (layer F.Cu) (tedit 58AA850E) (tstamp 5BB97597)
    (at 103.632 90.156 270)
    (descr "Capacitor SMD 1812, reflow soldering, AVX (see smccp.pdf)")
    (tags "capacitor 1812")
    (path /5BB8D22A)
    (attr smd)
    (fp_text reference C21 (at 0 -2.75 270) (layer F.SilkS)
      (effects (font (size 1 1) (thickness 0.15)))
    )
    (fp_text value 10u (at 0 2.75 270) (layer F.Fab)
      (effects (font (size 1 1) (thickness 0.15)))
    )
    (fp_line (start 3.05 1.85) (end -3.05 1.85) (layer F.CrtYd) (width 0.05))
    (fp_line (start 3.05 1.85) (end 3.05 -1.85) (layer F.CrtYd) (width 0.05))
    (fp_line (start -3.05 -1.85) (end -3.05 1.85) (layer F.CrtYd) (width 0.05))
    (fp_line (start -3.05 -1.85) (end 3.05 -1.85) (layer F.CrtYd) (width 0.05))
    (fp_line (start -1.8 1.73) (end 1.8 1.73) (layer F.SilkS) (width 0.12))
    (fp_line (start 1.8 -1.73) (end -1.8 -1.73) (layer F.SilkS) (width 0.12))
    (fp_line (start -2.25 -1.6) (end 2.25 -1.6) (layer F.Fab) (width 0.1))
    (fp_line (start 2.25 -1.6) (end 2.25 1.6) (layer F.Fab) (width 0.1))
    (fp_line (start 2.25 1.6) (end -2.25 1.6) (layer F.Fab) (width 0.1))
    (fp_line (start -2.25 1.6) (end -2.25 -1.6) (layer F.Fab) (width 0.1))
    (fp_text user %R (at 0 -2.75 270) (layer F.Fab)
      (effects (font (size 1 1) (thickness 0.15)))
    )
    (pad 2 smd rect (at 2.3 0 270) (size 1 3) (layers F.Cu F.Paste F.Mask)
      (net 2 GND))
    (pad 1 smd rect (at -2.3 0 270) (size 1 3) (layers F.Cu F.Paste F.Mask)
      (net 3 /6V))
    (model Capacitors_SMD.3dshapes/C_1812.wrl
      (at (xyz 0 0 0))
      (scale (xyz 1 1 1))
      (rotate (xyz 0 0 0))
    )
  )

  (module Capacitors_SMD:C_1206 (layer B.Cu) (tedit 58AA84B8) (tstamp 5BB912B7)
    (at 100.584 92.94 270)
    (descr "Capacitor SMD 1206, reflow soldering, AVX (see smccp.pdf)")
    (tags "capacitor 1206")
    (path /5BB8CEFC)
    (attr smd)
    (fp_text reference C23 (at 0 1.75 270) (layer B.SilkS)
      (effects (font (size 1 1) (thickness 0.15)) (justify mirror))
    )
    (fp_text value 1u (at 0 -2 270) (layer B.Fab)
      (effects (font (size 1 1) (thickness 0.15)) (justify mirror))
    )
    (fp_line (start 2.25 -1.05) (end -2.25 -1.05) (layer B.CrtYd) (width 0.05))
    (fp_line (start 2.25 -1.05) (end 2.25 1.05) (layer B.CrtYd) (width 0.05))
    (fp_line (start -2.25 1.05) (end -2.25 -1.05) (layer B.CrtYd) (width 0.05))
    (fp_line (start -2.25 1.05) (end 2.25 1.05) (layer B.CrtYd) (width 0.05))
    (fp_line (start -1 -1.02) (end 1 -1.02) (layer B.SilkS) (width 0.12))
    (fp_line (start 1 1.02) (end -1 1.02) (layer B.SilkS) (width 0.12))
    (fp_line (start -1.6 0.8) (end 1.6 0.8) (layer B.Fab) (width 0.1))
    (fp_line (start 1.6 0.8) (end 1.6 -0.8) (layer B.Fab) (width 0.1))
    (fp_line (start 1.6 -0.8) (end -1.6 -0.8) (layer B.Fab) (width 0.1))
    (fp_line (start -1.6 -0.8) (end -1.6 0.8) (layer B.Fab) (width 0.1))
    (fp_text user %R (at 0 1.75 270) (layer B.Fab)
      (effects (font (size 1 1) (thickness 0.15)) (justify mirror))
    )
    (pad 2 smd rect (at 1.5 0 270) (size 1 1.6) (layers B.Cu B.Paste B.Mask)
      (net 2 GND))
    (pad 1 smd rect (at -1.5 0 270) (size 1 1.6) (layers B.Cu B.Paste B.Mask)
      (net 5 "Net-(C23-Pad1)"))
    (model Capacitors_SMD.3dshapes/C_1206.wrl
      (at (xyz 0 0 0))
      (scale (xyz 1 1 1))
      (rotate (xyz 0 0 0))
    )
  )

  (module Capacitors_SMD:C_1206 (layer F.Cu) (tedit 58AA84B8) (tstamp 5BB9736D)
    (at 92.456 91.464 90)
    (descr "Capacitor SMD 1206, reflow soldering, AVX (see smccp.pdf)")
    (tags "capacitor 1206")
    (path /5BB8D2C0)
    (attr smd)
    (fp_text reference C24 (at 0 -1.75 90) (layer F.SilkS)
      (effects (font (size 1 1) (thickness 0.15)))
    )
    (fp_text value 1u (at 0 2 90) (layer F.Fab)
      (effects (font (size 1 1) (thickness 0.15)))
    )
    (fp_text user %R (at 0 -1.75 90) (layer F.Fab)
      (effects (font (size 1 1) (thickness 0.15)))
    )
    (fp_line (start -1.6 0.8) (end -1.6 -0.8) (layer F.Fab) (width 0.1))
    (fp_line (start 1.6 0.8) (end -1.6 0.8) (layer F.Fab) (width 0.1))
    (fp_line (start 1.6 -0.8) (end 1.6 0.8) (layer F.Fab) (width 0.1))
    (fp_line (start -1.6 -0.8) (end 1.6 -0.8) (layer F.Fab) (width 0.1))
    (fp_line (start 1 -1.02) (end -1 -1.02) (layer F.SilkS) (width 0.12))
    (fp_line (start -1 1.02) (end 1 1.02) (layer F.SilkS) (width 0.12))
    (fp_line (start -2.25 -1.05) (end 2.25 -1.05) (layer F.CrtYd) (width 0.05))
    (fp_line (start -2.25 -1.05) (end -2.25 1.05) (layer F.CrtYd) (width 0.05))
    (fp_line (start 2.25 1.05) (end 2.25 -1.05) (layer F.CrtYd) (width 0.05))
    (fp_line (start 2.25 1.05) (end -2.25 1.05) (layer F.CrtYd) (width 0.05))
    (pad 1 smd rect (at -1.5 0 90) (size 1 1.6) (layers F.Cu F.Paste F.Mask)
      (net 6 "Net-(C24-Pad1)"))
    (pad 2 smd rect (at 1.5 0 90) (size 1 1.6) (layers F.Cu F.Paste F.Mask)
      (net 2 GND))
    (model Capacitors_SMD.3dshapes/C_1206.wrl
      (at (xyz 0 0 0))
      (scale (xyz 1 1 1))
      (rotate (xyz 0 0 0))
    )
  )

  (module Capacitors_SMD:C_1812 (layer B.Cu) (tedit 58AA850E) (tstamp 5BB912FB)
    (at 92.216 87.376 180)
    (descr "Capacitor SMD 1812, reflow soldering, AVX (see smccp.pdf)")
    (tags "capacitor 1812")
    (path /5BB8CFF9)
    (attr smd)
    (fp_text reference C27 (at 0 2.75 180) (layer B.SilkS)
      (effects (font (size 1 1) (thickness 0.15)) (justify mirror))
    )
    (fp_text value 10u (at 0 -2.75 180) (layer B.Fab)
      (effects (font (size 1 1) (thickness 0.15)) (justify mirror))
    )
    (fp_line (start 3.05 -1.85) (end -3.05 -1.85) (layer B.CrtYd) (width 0.05))
    (fp_line (start 3.05 -1.85) (end 3.05 1.85) (layer B.CrtYd) (width 0.05))
    (fp_line (start -3.05 1.85) (end -3.05 -1.85) (layer B.CrtYd) (width 0.05))
    (fp_line (start -3.05 1.85) (end 3.05 1.85) (layer B.CrtYd) (width 0.05))
    (fp_line (start -1.8 -1.73) (end 1.8 -1.73) (layer B.SilkS) (width 0.12))
    (fp_line (start 1.8 1.73) (end -1.8 1.73) (layer B.SilkS) (width 0.12))
    (fp_line (start -2.25 1.6) (end 2.25 1.6) (layer B.Fab) (width 0.1))
    (fp_line (start 2.25 1.6) (end 2.25 -1.6) (layer B.Fab) (width 0.1))
    (fp_line (start 2.25 -1.6) (end -2.25 -1.6) (layer B.Fab) (width 0.1))
    (fp_line (start -2.25 -1.6) (end -2.25 1.6) (layer B.Fab) (width 0.1))
    (fp_text user %R (at 0 2.75 180) (layer B.Fab)
      (effects (font (size 1 1) (thickness 0.15)) (justify mirror))
    )
    (pad 2 smd rect (at 2.3 0 180) (size 1 3) (layers B.Cu B.Paste B.Mask)
      (net 2 GND))
    (pad 1 smd rect (at -2.3 0 180) (size 1 3) (layers B.Cu B.Paste B.Mask)
      (net 8 "Net-(C27-Pad1)"))
    (model Capacitors_SMD.3dshapes/C_1812.wrl
      (at (xyz 0 0 0))
      (scale (xyz 1 1 1))
      (rotate (xyz 0 0 0))
    )
  )

  (module Capacitors_SMD:C_1812 (layer F.Cu) (tedit 58AA850E) (tstamp 5BB91383)
    (at 95.202382 97.316856)
    (descr "Capacitor SMD 1812, reflow soldering, AVX (see smccp.pdf)")
    (tags "capacitor 1812")
    (path /5BB907D1)
    (attr smd)
    (fp_text reference C35 (at 0 -2.75) (layer F.SilkS)
      (effects (font (size 1 1) (thickness 0.15)))
    )
    (fp_text value 10u (at 0 2.75) (layer F.Fab)
      (effects (font (size 1 1) (thickness 0.15)))
    )
    (fp_line (start 3.05 1.85) (end -3.05 1.85) (layer F.CrtYd) (width 0.05))
    (fp_line (start 3.05 1.85) (end 3.05 -1.85) (layer F.CrtYd) (width 0.05))
    (fp_line (start -3.05 -1.85) (end -3.05 1.85) (layer F.CrtYd) (width 0.05))
    (fp_line (start -3.05 -1.85) (end 3.05 -1.85) (layer F.CrtYd) (width 0.05))
    (fp_line (start -1.8 1.73) (end 1.8 1.73) (layer F.SilkS) (width 0.12))
    (fp_line (start 1.8 -1.73) (end -1.8 -1.73) (layer F.SilkS) (width 0.12))
    (fp_line (start -2.25 -1.6) (end 2.25 -1.6) (layer F.Fab) (width 0.1))
    (fp_line (start 2.25 -1.6) (end 2.25 1.6) (layer F.Fab) (width 0.1))
    (fp_line (start 2.25 1.6) (end -2.25 1.6) (layer F.Fab) (width 0.1))
    (fp_line (start -2.25 1.6) (end -2.25 -1.6) (layer F.Fab) (width 0.1))
    (fp_text user %R (at 0 -2.75) (layer F.Fab)
      (effects (font (size 1 1) (thickness 0.15)))
    )
    (pad 2 smd rect (at 2.3 0) (size 1 3) (layers F.Cu F.Paste F.Mask)
      (net 2 GND))
    (pad 1 smd rect (at -2.3 0) (size 1 3) (layers F.Cu F.Paste F.Mask)
      (net 3 /6V))
    (model Capacitors_SMD.3dshapes/C_1812.wrl
      (at (xyz 0 0 0))
      (scale (xyz 1 1 1))
      (rotate (xyz 0 0 0))
    )
  )

  (module Capacitors_SMD:CP_Elec_4x4.5 (layer B.Cu) (tedit 58AA85E3) (tstamp 5BB9139F)
    (at 96.458382 108.492856 270)
    (descr "SMT capacitor, aluminium electrolytic, 4x4.5")
    (path /5BB907E6)
    (attr smd)
    (fp_text reference C36 (at 0 -3.58 90) (layer B.SilkS)
      (effects (font (size 1 1) (thickness 0.15)) (justify mirror))
    )
    (fp_text value 47u (at 0 3.45 90) (layer B.Fab)
      (effects (font (size 1 1) (thickness 0.15)) (justify mirror))
    )
    (fp_line (start 3.35 -2.37) (end -3.35 -2.37) (layer B.CrtYd) (width 0.05))
    (fp_line (start 3.35 -2.37) (end 3.35 2.4) (layer B.CrtYd) (width 0.05))
    (fp_line (start -3.35 2.4) (end -3.35 -2.37) (layer B.CrtYd) (width 0.05))
    (fp_line (start -3.35 2.4) (end 3.35 2.4) (layer B.CrtYd) (width 0.05))
    (fp_line (start -1.52 -2.27) (end -2.29 -1.51) (layer B.SilkS) (width 0.12))
    (fp_line (start -1.52 -2.27) (end 2.29 -2.27) (layer B.SilkS) (width 0.12))
    (fp_line (start -1.52 2.3) (end -2.29 1.54) (layer B.SilkS) (width 0.12))
    (fp_line (start -1.52 2.3) (end 2.29 2.3) (layer B.SilkS) (width 0.12))
    (fp_line (start -2.29 1.54) (end -2.29 1.13) (layer B.SilkS) (width 0.12))
    (fp_line (start -2.29 -1.51) (end -2.29 -1.1) (layer B.SilkS) (width 0.12))
    (fp_line (start 2.29 -2.27) (end 2.29 -1.1) (layer B.SilkS) (width 0.12))
    (fp_line (start 2.29 2.3) (end 2.29 1.13) (layer B.SilkS) (width 0.12))
    (fp_line (start 2.13 2.15) (end -1.46 2.15) (layer B.Fab) (width 0.1))
    (fp_line (start -1.46 2.15) (end -2.13 1.47) (layer B.Fab) (width 0.1))
    (fp_line (start -2.13 1.47) (end -2.13 -1.45) (layer B.Fab) (width 0.1))
    (fp_line (start -2.13 -1.45) (end -1.46 -2.12) (layer B.Fab) (width 0.1))
    (fp_line (start -1.46 -2.12) (end 2.13 -2.12) (layer B.Fab) (width 0.1))
    (fp_line (start 2.13 -2.12) (end 2.13 2.15) (layer B.Fab) (width 0.1))
    (fp_text user %R (at 0 -3.58 90) (layer B.Fab)
      (effects (font (size 1 1) (thickness 0.15)) (justify mirror))
    )
    (fp_text user + (at -2.78 -1.99 90) (layer B.SilkS)
      (effects (font (size 1 1) (thickness 0.15)) (justify mirror))
    )
    (fp_text user + (at -1.24 0.08 270) (layer B.Fab)
      (effects (font (size 1 1) (thickness 0.15)) (justify mirror))
    )
    (fp_circle (center 0 0) (end 0.1 -2.1) (layer B.Fab) (width 0.1))
    (pad 2 smd rect (at 1.8 0 90) (size 2.6 1.6) (layers B.Cu B.Paste B.Mask)
      (net 2 GND))
    (pad 1 smd rect (at -1.8 0 90) (size 2.6 1.6) (layers B.Cu B.Paste B.Mask)
      (net 17 /5V))
    (model Capacitors_SMD.3dshapes/CP_Elec_4x4.5.wrl
      (at (xyz 0 0 0))
      (scale (xyz 1 1 1))
      (rotate (xyz 0 0 180))
    )
  )

  (module Capacitors_SMD:C_0805 (layer F.Cu) (tedit 58AA8463) (tstamp 5BBD3D3B)
    (at 115.77114 83.59149)
    (descr "Capacitor SMD 0805, reflow soldering, AVX (see smccp.pdf)")
    (tags "capacitor 0805")
    (path /5BC1F761)
    (attr smd)
    (fp_text reference C37 (at 0 -1.5) (layer F.SilkS)
      (effects (font (size 1 1) (thickness 0.15)))
    )
    (fp_text value 1n (at 0 1.75) (layer F.Fab)
      (effects (font (size 1 1) (thickness 0.15)))
    )
    (fp_text user %R (at 0 -1.5) (layer F.Fab)
      (effects (font (size 1 1) (thickness 0.15)))
    )
    (fp_line (start -1 0.62) (end -1 -0.62) (layer F.Fab) (width 0.1))
    (fp_line (start 1 0.62) (end -1 0.62) (layer F.Fab) (width 0.1))
    (fp_line (start 1 -0.62) (end 1 0.62) (layer F.Fab) (width 0.1))
    (fp_line (start -1 -0.62) (end 1 -0.62) (layer F.Fab) (width 0.1))
    (fp_line (start 0.5 -0.85) (end -0.5 -0.85) (layer F.SilkS) (width 0.12))
    (fp_line (start -0.5 0.85) (end 0.5 0.85) (layer F.SilkS) (width 0.12))
    (fp_line (start -1.75 -0.88) (end 1.75 -0.88) (layer F.CrtYd) (width 0.05))
    (fp_line (start -1.75 -0.88) (end -1.75 0.87) (layer F.CrtYd) (width 0.05))
    (fp_line (start 1.75 0.87) (end 1.75 -0.88) (layer F.CrtYd) (width 0.05))
    (fp_line (start 1.75 0.87) (end -1.75 0.87) (layer F.CrtYd) (width 0.05))
    (pad 1 smd rect (at -1 0) (size 1 1.25) (layers F.Cu F.Paste F.Mask)
      (net 18 "Net-(C37-Pad1)"))
    (pad 2 smd rect (at 1 0) (size 1 1.25) (layers F.Cu F.Paste F.Mask)
      (net 19 "Net-(C37-Pad2)"))
    (model Capacitors_SMD.3dshapes/C_0805.wrl
      (at (xyz 0 0 0))
      (scale (xyz 1 1 1))
      (rotate (xyz 0 0 0))
    )
  )

  (module Capacitors_SMD:C_1206 (layer B.Cu) (tedit 58AA84B8) (tstamp 5BB913D2)
    (at 98.006382 100.364856)
    (descr "Capacitor SMD 1206, reflow soldering, AVX (see smccp.pdf)")
    (tags "capacitor 1206")
    (path /5BB907BF)
    (attr smd)
    (fp_text reference C39 (at 0 1.75) (layer B.SilkS)
      (effects (font (size 1 1) (thickness 0.15)) (justify mirror))
    )
    (fp_text value 1u (at 0 -2) (layer B.Fab)
      (effects (font (size 1 1) (thickness 0.15)) (justify mirror))
    )
    (fp_line (start 2.25 -1.05) (end -2.25 -1.05) (layer B.CrtYd) (width 0.05))
    (fp_line (start 2.25 -1.05) (end 2.25 1.05) (layer B.CrtYd) (width 0.05))
    (fp_line (start -2.25 1.05) (end -2.25 -1.05) (layer B.CrtYd) (width 0.05))
    (fp_line (start -2.25 1.05) (end 2.25 1.05) (layer B.CrtYd) (width 0.05))
    (fp_line (start -1 -1.02) (end 1 -1.02) (layer B.SilkS) (width 0.12))
    (fp_line (start 1 1.02) (end -1 1.02) (layer B.SilkS) (width 0.12))
    (fp_line (start -1.6 0.8) (end 1.6 0.8) (layer B.Fab) (width 0.1))
    (fp_line (start 1.6 0.8) (end 1.6 -0.8) (layer B.Fab) (width 0.1))
    (fp_line (start 1.6 -0.8) (end -1.6 -0.8) (layer B.Fab) (width 0.1))
    (fp_line (start -1.6 -0.8) (end -1.6 0.8) (layer B.Fab) (width 0.1))
    (fp_text user %R (at 0 1.75) (layer B.Fab)
      (effects (font (size 1 1) (thickness 0.15)) (justify mirror))
    )
    (pad 2 smd rect (at 1.5 0) (size 1 1.6) (layers B.Cu B.Paste B.Mask)
      (net 2 GND))
    (pad 1 smd rect (at -1.5 0) (size 1 1.6) (layers B.Cu B.Paste B.Mask)
      (net 21 "Net-(C39-Pad1)"))
    (model Capacitors_SMD.3dshapes/C_1206.wrl
      (at (xyz 0 0 0))
      (scale (xyz 1 1 1))
      (rotate (xyz 0 0 0))
    )
  )

  (module Capacitors_SMD:C_1206 (layer F.Cu) (tedit 58AA84B8) (tstamp 5BB913E3)
    (at 94.958382 107.984856 180)
    (descr "Capacitor SMD 1206, reflow soldering, AVX (see smccp.pdf)")
    (tags "capacitor 1206")
    (path /5BB907D7)
    (attr smd)
    (fp_text reference C40 (at 0 -1.75 180) (layer F.SilkS)
      (effects (font (size 1 1) (thickness 0.15)))
    )
    (fp_text value 1u (at 0 2 180) (layer F.Fab)
      (effects (font (size 1 1) (thickness 0.15)))
    )
    (fp_line (start 2.25 1.05) (end -2.25 1.05) (layer F.CrtYd) (width 0.05))
    (fp_line (start 2.25 1.05) (end 2.25 -1.05) (layer F.CrtYd) (width 0.05))
    (fp_line (start -2.25 -1.05) (end -2.25 1.05) (layer F.CrtYd) (width 0.05))
    (fp_line (start -2.25 -1.05) (end 2.25 -1.05) (layer F.CrtYd) (width 0.05))
    (fp_line (start -1 1.02) (end 1 1.02) (layer F.SilkS) (width 0.12))
    (fp_line (start 1 -1.02) (end -1 -1.02) (layer F.SilkS) (width 0.12))
    (fp_line (start -1.6 -0.8) (end 1.6 -0.8) (layer F.Fab) (width 0.1))
    (fp_line (start 1.6 -0.8) (end 1.6 0.8) (layer F.Fab) (width 0.1))
    (fp_line (start 1.6 0.8) (end -1.6 0.8) (layer F.Fab) (width 0.1))
    (fp_line (start -1.6 0.8) (end -1.6 -0.8) (layer F.Fab) (width 0.1))
    (fp_text user %R (at 0 -1.75 180) (layer F.Fab)
      (effects (font (size 1 1) (thickness 0.15)))
    )
    (pad 2 smd rect (at 1.5 0 180) (size 1 1.6) (layers F.Cu F.Paste F.Mask)
      (net 2 GND))
    (pad 1 smd rect (at -1.5 0 180) (size 1 1.6) (layers F.Cu F.Paste F.Mask)
      (net 22 "Net-(C40-Pad1)"))
    (model Capacitors_SMD.3dshapes/C_1206.wrl
      (at (xyz 0 0 0))
      (scale (xyz 1 1 1))
      (rotate (xyz 0 0 0))
    )
  )

  (module Capacitors_SMD:C_1812 (layer B.Cu) (tedit 58AA850E) (tstamp 5BB91405)
    (at 92.394382 108.492856 270)
    (descr "Capacitor SMD 1812, reflow soldering, AVX (see smccp.pdf)")
    (tags "capacitor 1812")
    (path /5BB907C5)
    (attr smd)
    (fp_text reference C42 (at 0 2.75 270) (layer B.SilkS)
      (effects (font (size 1 1) (thickness 0.15)) (justify mirror))
    )
    (fp_text value 10u (at 0 -2.75 270) (layer B.Fab)
      (effects (font (size 1 1) (thickness 0.15)) (justify mirror))
    )
    (fp_text user %R (at 0 2.75 270) (layer B.Fab)
      (effects (font (size 1 1) (thickness 0.15)) (justify mirror))
    )
    (fp_line (start -2.25 -1.6) (end -2.25 1.6) (layer B.Fab) (width 0.1))
    (fp_line (start 2.25 -1.6) (end -2.25 -1.6) (layer B.Fab) (width 0.1))
    (fp_line (start 2.25 1.6) (end 2.25 -1.6) (layer B.Fab) (width 0.1))
    (fp_line (start -2.25 1.6) (end 2.25 1.6) (layer B.Fab) (width 0.1))
    (fp_line (start 1.8 1.73) (end -1.8 1.73) (layer B.SilkS) (width 0.12))
    (fp_line (start -1.8 -1.73) (end 1.8 -1.73) (layer B.SilkS) (width 0.12))
    (fp_line (start -3.05 1.85) (end 3.05 1.85) (layer B.CrtYd) (width 0.05))
    (fp_line (start -3.05 1.85) (end -3.05 -1.85) (layer B.CrtYd) (width 0.05))
    (fp_line (start 3.05 -1.85) (end 3.05 1.85) (layer B.CrtYd) (width 0.05))
    (fp_line (start 3.05 -1.85) (end -3.05 -1.85) (layer B.CrtYd) (width 0.05))
    (pad 1 smd rect (at -2.3 0 270) (size 1 3) (layers B.Cu B.Paste B.Mask)
      (net 25 "Net-(C42-Pad1)"))
    (pad 2 smd rect (at 2.3 0 270) (size 1 3) (layers B.Cu B.Paste B.Mask)
      (net 2 GND))
    (model Capacitors_SMD.3dshapes/C_1812.wrl
      (at (xyz 0 0 0))
      (scale (xyz 1 1 1))
      (rotate (xyz 0 0 0))
    )
  )

  (module Capacitors_SMD:C_1206 (layer B.Cu) (tedit 58AA84B8) (tstamp 5BB91416)
    (at 103.3145 104.624 90)
    (descr "Capacitor SMD 1206, reflow soldering, AVX (see smccp.pdf)")
    (tags "capacitor 1206")
    (path /5BFE614E)
    (attr smd)
    (fp_text reference C43 (at 0 1.75 90) (layer B.SilkS)
      (effects (font (size 1 1) (thickness 0.15)) (justify mirror))
    )
    (fp_text value 470n (at 0 -2 90) (layer B.Fab)
      (effects (font (size 1 1) (thickness 0.15)) (justify mirror))
    )
    (fp_line (start 2.25 -1.05) (end -2.25 -1.05) (layer B.CrtYd) (width 0.05))
    (fp_line (start 2.25 -1.05) (end 2.25 1.05) (layer B.CrtYd) (width 0.05))
    (fp_line (start -2.25 1.05) (end -2.25 -1.05) (layer B.CrtYd) (width 0.05))
    (fp_line (start -2.25 1.05) (end 2.25 1.05) (layer B.CrtYd) (width 0.05))
    (fp_line (start -1 -1.02) (end 1 -1.02) (layer B.SilkS) (width 0.12))
    (fp_line (start 1 1.02) (end -1 1.02) (layer B.SilkS) (width 0.12))
    (fp_line (start -1.6 0.8) (end 1.6 0.8) (layer B.Fab) (width 0.1))
    (fp_line (start 1.6 0.8) (end 1.6 -0.8) (layer B.Fab) (width 0.1))
    (fp_line (start 1.6 -0.8) (end -1.6 -0.8) (layer B.Fab) (width 0.1))
    (fp_line (start -1.6 -0.8) (end -1.6 0.8) (layer B.Fab) (width 0.1))
    (fp_text user %R (at 0 1.75 90) (layer B.Fab)
      (effects (font (size 1 1) (thickness 0.15)) (justify mirror))
    )
    (pad 2 smd rect (at 1.5 0 90) (size 1 1.6) (layers B.Cu B.Paste B.Mask)
      (net 26 "Net-(C43-Pad2)"))
    (pad 1 smd rect (at -1.5 0 90) (size 1 1.6) (layers B.Cu B.Paste B.Mask)
      (net 27 "Net-(C43-Pad1)"))
    (model Capacitors_SMD.3dshapes/C_1206.wrl
      (at (xyz 0 0 0))
      (scale (xyz 1 1 1))
      (rotate (xyz 0 0 0))
    )
  )

  (module Capacitors_SMD:C_0805 (layer F.Cu) (tedit 58AA8463) (tstamp 5BB91427)
    (at 103.251 105.648 270)
    (descr "Capacitor SMD 0805, reflow soldering, AVX (see smccp.pdf)")
    (tags "capacitor 0805")
    (path /5BFE6819)
    (attr smd)
    (fp_text reference C44 (at 0 -1.5 270) (layer F.SilkS)
      (effects (font (size 1 1) (thickness 0.15)))
    )
    (fp_text value 22n (at 0 1.75 270) (layer F.Fab)
      (effects (font (size 1 1) (thickness 0.15)))
    )
    (fp_text user %R (at 0 -1.5 270) (layer F.Fab)
      (effects (font (size 1 1) (thickness 0.15)))
    )
    (fp_line (start -1 0.62) (end -1 -0.62) (layer F.Fab) (width 0.1))
    (fp_line (start 1 0.62) (end -1 0.62) (layer F.Fab) (width 0.1))
    (fp_line (start 1 -0.62) (end 1 0.62) (layer F.Fab) (width 0.1))
    (fp_line (start -1 -0.62) (end 1 -0.62) (layer F.Fab) (width 0.1))
    (fp_line (start 0.5 -0.85) (end -0.5 -0.85) (layer F.SilkS) (width 0.12))
    (fp_line (start -0.5 0.85) (end 0.5 0.85) (layer F.SilkS) (width 0.12))
    (fp_line (start -1.75 -0.88) (end 1.75 -0.88) (layer F.CrtYd) (width 0.05))
    (fp_line (start -1.75 -0.88) (end -1.75 0.87) (layer F.CrtYd) (width 0.05))
    (fp_line (start 1.75 0.87) (end 1.75 -0.88) (layer F.CrtYd) (width 0.05))
    (fp_line (start 1.75 0.87) (end -1.75 0.87) (layer F.CrtYd) (width 0.05))
    (pad 1 smd rect (at -1 0 270) (size 1 1.25) (layers F.Cu F.Paste F.Mask)
      (net 27 "Net-(C43-Pad1)"))
    (pad 2 smd rect (at 1 0 270) (size 1 1.25) (layers F.Cu F.Paste F.Mask)
      (net 2 GND))
    (model Capacitors_SMD.3dshapes/C_0805.wrl
      (at (xyz 0 0 0))
      (scale (xyz 1 1 1))
      (rotate (xyz 0 0 0))
    )
  )

  (module Capacitors_SMD:C_0805 (layer B.Cu) (tedit 58AA8463) (tstamp 5BB91438)
    (at 101.092 105.8705 90)
    (descr "Capacitor SMD 0805, reflow soldering, AVX (see smccp.pdf)")
    (tags "capacitor 0805")
    (path /5BFE65F6)
    (attr smd)
    (fp_text reference C45 (at 0 1.5 90) (layer B.SilkS)
      (effects (font (size 1 1) (thickness 0.15)) (justify mirror))
    )
    (fp_text value 1n (at 0 -1.75 90) (layer B.Fab)
      (effects (font (size 1 1) (thickness 0.15)) (justify mirror))
    )
    (fp_text user %R (at 0 1.5 90) (layer B.Fab)
      (effects (font (size 1 1) (thickness 0.15)) (justify mirror))
    )
    (fp_line (start -1 -0.62) (end -1 0.62) (layer B.Fab) (width 0.1))
    (fp_line (start 1 -0.62) (end -1 -0.62) (layer B.Fab) (width 0.1))
    (fp_line (start 1 0.62) (end 1 -0.62) (layer B.Fab) (width 0.1))
    (fp_line (start -1 0.62) (end 1 0.62) (layer B.Fab) (width 0.1))
    (fp_line (start 0.5 0.85) (end -0.5 0.85) (layer B.SilkS) (width 0.12))
    (fp_line (start -0.5 -0.85) (end 0.5 -0.85) (layer B.SilkS) (width 0.12))
    (fp_line (start -1.75 0.88) (end 1.75 0.88) (layer B.CrtYd) (width 0.05))
    (fp_line (start -1.75 0.88) (end -1.75 -0.87) (layer B.CrtYd) (width 0.05))
    (fp_line (start 1.75 -0.87) (end 1.75 0.88) (layer B.CrtYd) (width 0.05))
    (fp_line (start 1.75 -0.87) (end -1.75 -0.87) (layer B.CrtYd) (width 0.05))
    (pad 1 smd rect (at -1 0 90) (size 1 1.25) (layers B.Cu B.Paste B.Mask)
      (net 28 "Net-(C45-Pad1)"))
    (pad 2 smd rect (at 1 0 90) (size 1 1.25) (layers B.Cu B.Paste B.Mask)
      (net 2 GND))
    (model Capacitors_SMD.3dshapes/C_0805.wrl
      (at (xyz 0 0 0))
      (scale (xyz 1 1 1))
      (rotate (xyz 0 0 0))
    )
  )

  (module LEDs:LED_0805 (layer F.Cu) (tedit 59959803) (tstamp 5BB91512)
    (at 129.032 111.76 180)
    (descr "LED 0805 smd package")
